#' Object containing summary statistics
#'
parms<-list(B.GLS = c(46.2461466077022, -540.59716341763), Bx.y = structure(c(29.1409222250602,
25.3640129433891, -296.494182886214), dim = c(3L, 1L)), by.x = c(0.0100365925434561,
-0.000991211767383247), inv.XX = structure(c(3.17109015279545,
-0.608855922856781, -5.85874343568256, -0.608855922856778, 0.130787514856553,
0.917741140169495, -5.85874343568261, 0.91774114016951, 14.0451458243808
), dim = c(3L, 3L)), MSE = 167.17806364477, omega = structure(c(34.758094002924,
12.059987996064, 12.059987996064, 4095.23047494725), dim = c(2L,
2L)), S.inv = structure(c(0.153423933653423, 0.653131336128799,
0.653131336128799, 17.1383183364714), dim = c(2L, 2L)), x.mu = 48.2485549,
    y.mu = c(3.1916369, 0.208587))
